<?xml version="1.0"?>
<opencv_storage>
<features type_id="opencv-matrix">
  <rows>1</rows>
  <cols>128</cols>
  <dt>f</dt>
  <data>
    -1.53692722e-01 1.07141100e-01 4.62848209e-02 1.33302165e-02
    1.43212322e-02 1.33326560e-01 6.31996915e-02 7.33468831e-02
    -6.57566711e-02 -1.15868421e-02 4.45373589e-03 -4.35698666e-02
    1.10303625e-01 -1.54285342e-01 1.96905527e-02 1.82923064e-01
    -3.86976451e-02 5.68423048e-02 -1.54589519e-01 3.20998882e-03
    6.15367033e-02 9.31468047e-03 -5.23731746e-02 -1.75212044e-02
    -4.89787087e-02 1.17348447e-01 -8.29502717e-02 -7.19471648e-02
    4.90880534e-02 1.76374882e-01 3.22630927e-02 1.90142076e-02
    5.24883717e-02 -2.82278024e-02 -4.68569342e-03 -1.57132789e-01
    9.37961638e-02 1.47448676e-02 -9.79120955e-02 2.09279731e-02
    -6.39085397e-02 1.48506407e-02 -3.13973315e-02 -6.37200698e-02
    1.13326780e-01 2.47821901e-02 1.63728535e-01 4.42179628e-02
    -4.22182567e-02 -1.51020745e-02 -9.08880979e-02 -7.41622373e-02
    -7.63311088e-02 -7.02679679e-02 -2.37475075e-02 -2.05188319e-01
    1.82643771e-01 1.15850970e-01 5.96724860e-02 -1.73511267e-01
    2.01471895e-02 1.37495980e-01 5.52076213e-02 -7.08971024e-02
    -3.51036340e-02 -3.67345028e-02 -7.74497315e-02 1.05445489e-01
    -5.59133105e-02 -1.00008614e-01 9.90300849e-02 -1.03765517e-01
    -6.05983250e-02 2.52333768e-02 -1.80984363e-02 -2.75358576e-02
    1.89154431e-01 -1.24638574e-02 -4.18106318e-02 1.58980135e-02
    1.17350332e-01 -3.55002619e-02 2.98876800e-02 3.88987511e-02
    1.36716142e-02 1.20830931e-01 6.33909628e-02 1.94706753e-01
    1.53383657e-01 1.06687143e-01 -4.86805709e-03 -1.25331700e-01
    -7.29721785e-02 -4.64863442e-02 8.75156075e-02 9.63490978e-02
    3.57445292e-02 1.10750608e-01 8.11623689e-03 -1.20515347e-01
    -5.00218049e-02 5.17460071e-02 1.02162734e-02 -1.23777233e-01
    -3.40872966e-02 -2.47723330e-02 3.50052230e-02 2.36172532e-03
    -3.41485329e-02 1.74932554e-01 4.58460227e-02 -1.25067234e-01
    9.16812122e-02 -4.05176468e-02 -3.99457738e-02 8.88220072e-02
    9.91632864e-02 5.82834892e-02 -1.45920977e-01 -1.36623472e-01
    -1.63255185e-01 1.90417785e-02 8.94459710e-02 2.81237513e-02
    -9.29882526e-02 -8.90089720e-02 -1.05560049e-01 3.10323369e-02</data></features>
</opencv_storage>
